"","DoseGroup","AMT","Stase_effect","Stase_FP","Stase_FN","Stase_TP","Bactericidal_effect","Bactericidal_FP","Bactericidal_FN","Bactericidal_TP"
"1","continuous_infusion",9.9,0,0,0,NA,0,0,0,NA
"2","continuous_infusion",24.84,0,0,0,NA,0,0,0,NA
"3","continuous_infusion",49.49,0,0,0,NA,0,0,0,NA
"4","continuous_infusion",74.24,0,0,0,NA,0,0,0,NA
"5","continuous_infusion",98.94,0,0,0,NA,0,0,0,NA
"6","continuous_infusion",149,0,0,0,NA,0,0,0,NA
"7","continuous_infusion",297.61,0.98,1.58,0.4,22.61,0,0,0,NA
"8","continuous_infusion",444.52,11.67,4.73,5.2,39.43,0.33,0.04,0.31,5.88
"9","continuous_infusion",596.62,30.42,5.51,13.18,47.99,1.71,0.24,1.4,15.91
"10","continuous_infusion",793.26,53.67,5.18,16.84,62.58,5.98,1,4.24,24.84
"11","continuous_infusion",989.83,68.84,4.4,14,74.88,13.18,2.6,6.78,40.56
"12","continuous_infusion",1190.9,80.44,3.11,9.84,84.49,20.67,3.33,9.11,48.15
"13","continuous_infusion",1773.13,94.04,0.8,4.62,94.28,42.38,8.62,13.98,55.69
"14","continuous_infusion",2367.57,97.96,0.13,2.18,97.64,61.91,11.4,13.38,66.2
"15","continuous_infusion",2971.39,99.33,0.04,0.58,99.37,76.27,11,11.89,73.77
"16","continuous_infusion",3967.26,99.96,0,0.24,99.76,85.56,10.71,8.18,80.38
"17","continuous_infusion",5428.23,100,0,0.02,99.98,89,10.31,3.8,85.79
"18","continuous_infusion",6970.9,100,0,0,100,91.42,8.51,1.29,90.19
"19","continuous_infusion",8439.02,100,0,0,100,94.31,5.64,0.73,93.62
"20","continuous_infusion",9905.84,100,0,0,100,96.31,3.62,0.2,96.18
"21","fractioned_12h",10,0,0,0,NA,0,0,0,NA
"22","fractioned_12h",25,0,0,0,NA,0,0,0,NA
"23","fractioned_12h",50,0,0,0,NA,0,0,0,NA
"24","fractioned_12h",75,0,0,0,NA,0,0,0,NA
"25","fractioned_12h",100,0,0,0,NA,0,0,0,NA
"26","fractioned_12h",150,0.02,0,0,100,0,0,0,NA
"27","fractioned_12h",300,2.62,1.11,1.53,29.17,0.07,0,0.07,0
"28","fractioned_12h",450,16.29,2.89,8.62,39.98,0.82,0,0.78,5.41
"29","fractioned_12h",600,34.42,3.47,15.71,49.38,3.89,0.09,3.38,12.85
"30","fractioned_12h",800,55.71,3.38,18.09,63.67,10.6,0.69,7.76,25.2
"31","fractioned_12h",1000,69.53,2.98,14.51,75.88,18.36,1.04,10.82,38.83
"32","fractioned_12h",1200,79.76,2.44,12.02,82.4,25.84,1.6,13.6,44.62
"33","fractioned_12h",1800,92.69,1.09,5.2,93.29,48.64,4.73,17.56,58.24
"34","fractioned_12h",2400,96.82,0.4,2.2,97.33,65.09,7.62,16.31,67.08
"35","fractioned_12h",3000,98.93,0.31,1.13,98.54,75.91,8.91,13.24,73.88
"36","fractioned_12h",4000,99.6,0.16,0.4,99.44,83.58,11,8.24,79.65
"37","fractioned_12h",5500,99.91,0,0.02,99.98,87.87,10.53,4.11,85.12
"38","fractioned_12h",7000,100,0,0,100,90.49,8.84,1.89,89.19
"39","fractioned_12h",8500,100,0,0,100,94.09,5.8,0.8,93.39
"40","fractioned_12h",10000,100,0,0,100,95.96,3.98,0.4,95.62
"41","fractioned_24h",10,0,0,0,NA,0,0,0,NA
"42","fractioned_24h",25,0,0,0,NA,0,0,0,NA
"43","fractioned_24h",50,0,0,0,NA,0,0,0,NA
"44","fractioned_24h",75,0,0,0,NA,0,0,0,NA
"45","fractioned_24h",100,0,0,0,NA,0,0,0,NA
"46","fractioned_24h",150,0.07,0.02,0.07,0,0,0,0,NA
"47","fractioned_24h",300,3.78,1.69,2.18,29.27,0.2,0,0.2,0
"48","fractioned_24h",450,12.98,5.13,5.89,39.14,1.31,0.07,1.18,9.68
"49","fractioned_24h",600,24.78,8.42,7.8,51.14,3.91,0.42,2.78,26.15
"50","fractioned_24h",800,37.49,12.47,5.49,64.06,9.13,1.2,5.02,39.78
"51","fractioned_24h",1000,45.51,16.09,3,69.01,12.62,2.64,5.82,44.54
"52","fractioned_24h",1200,56.53,16.91,2.16,74.04,19.49,5.09,7.22,49.91
"53","fractioned_24h",1800,72.27,17.33,0.47,80.13,34.44,12.64,6.84,58.61
"54","fractioned_24h",2400,81.02,14.4,0.18,84.72,44.78,19.2,4.47,63.01
"55","fractioned_24h",3000,86.84,11.42,0,88.38,52.78,25.31,3.78,62.75
"56","fractioned_24h",4000,91.42,8.07,0,91.89,62.89,25.82,2.42,68.16
"57","fractioned_24h",5500,95.18,4.76,0,95.24,71.96,23.22,0.6,74.97
"58","fractioned_24h",7000,97.4,2.6,0,97.4,78.6,19.38,0.09,80.13
"59","fractioned_24h",8500,98.47,1.53,0,98.47,82.56,16.58,0.02,83.25
"60","fractioned_24h",10000,99.18,0.82,0,99.18,85.47,14.09,0,85.85
"61","fractioned_4h",10,0,0,0,NA,0,0,0,NA
"62","fractioned_4h",25,0,0,0,NA,0,0,0,NA
"63","fractioned_4h",50,0,0,0,NA,0,0,0,NA
"64","fractioned_4h",75,0,0,0,NA,0,0,0,NA
"65","fractioned_4h",100,0,0,0,NA,0,0,0,NA
"66","fractioned_4h",150,0,0,0,NA,0,0,0,NA
"67","fractioned_4h",300,0.09,0.87,0.02,6.98,0,0,0,NA
"68","fractioned_4h",450,3.71,4.76,1.16,30.18,0,0,0,NA
"69","fractioned_4h",600,15.04,7.29,5.67,41.99,0.07,0.18,0.07,0
"70","fractioned_4h",800,37.31,8.51,12.02,55.19,1.02,1.38,0.69,13.89
"71","fractioned_4h",1000,54.51,8.47,12.27,67.08,4.29,3.33,1.64,34.69
"72","fractioned_4h",1200,69.11,6.56,10.58,77.36,8.98,5.04,3.69,37.72
"73","fractioned_4h",1800,88.49,2.56,4.4,92.36,23.44,11.82,6.58,47.83
"74","fractioned_4h",2400,96.16,0.91,1.84,97.16,36.47,20,6,53.96
"75","fractioned_4h",3000,98.73,0.18,1.18,98.63,49.84,23.33,6.11,59.76
"76","fractioned_4h",4000,99.62,0.11,0.29,99.6,71.11,18.4,6.18,72.54
"77","fractioned_4h",5500,100,0,0.04,99.96,85.49,12.31,3.89,83.44
"78","fractioned_4h",7000,100,0,0.02,99.98,88.27,11.29,1.96,86.7
"79","fractioned_4h",8500,100,0,0,100,88.87,11.02,0.87,88.1
"80","fractioned_4h",10000,100,0,0,100,89.13,10.87,0.36,88.78
"81","fractioned_8h",10,0,0,0,NA,0,0,0,NA
"82","fractioned_8h",25,0,0,0,NA,0,0,0,NA
"83","fractioned_8h",50,0,0,0,NA,0,0,0,NA
"84","fractioned_8h",75,0,0,0,NA,0,0,0,NA
"85","fractioned_8h",100,0,0,0,NA,0,0,0,NA
"86","fractioned_8h",150,0,0,0,NA,0,0,0,NA
"87","fractioned_8h",300,0.84,1.02,0.42,22.62,0,0,0,NA
"88","fractioned_8h",450,9.93,3.98,4.84,36.58,0.38,0,0.36,5.88
"89","fractioned_8h",600,29.67,4.29,13.51,47.58,2.33,0.18,1.89,17.7
"90","fractioned_8h",800,50.4,4.56,17.64,59.6,6.53,0.8,4.76,24.24
"91","fractioned_8h",1000,66.6,3.58,15.87,72.29,13.56,1.96,7.6,38.4
"92","fractioned_8h",1200,78.33,2.11,12.07,82.38,21.07,2.09,10.71,44.72
"93","fractioned_8h",1800,92.76,0.76,6.02,92.75,40.2,6.6,14.16,55.65
"94","fractioned_8h",2400,97.87,0.27,2.38,97.31,60.31,9.42,14.93,65.07
"95","fractioned_8h",3000,99.16,0.11,1.38,98.5,74.11,10.2,13.16,72.3
"96","fractioned_8h",4000,99.8,0.02,0.29,99.69,84.29,10.84,9.87,78.23
"97","fractioned_8h",5500,99.98,0,0.07,99.93,87.96,10.84,4.58,84.39
"98","fractioned_8h",7000,99.98,0,0.02,99.98,89.51,10.13,2.02,87.8
"99","fractioned_8h",8500,100,0,0.02,99.98,91.29,8.64,0.6,90.75
"100","fractioned_8h",10000,100,0,0,100,93.36,6.53,0.27,93.19
