"","DoseGroup","AMT","Stase_effect","Stase_FP","Stase_FN","Stase_TP","Bactericidal_effect","Bactericidal_FP","Bactericidal_FN","Bactericidal_TP"
"1","continuous_infusion",9.9,0,0,0,NA,0,0,0,NA
"2","continuous_infusion",24.84,0,0,0,NA,0,0,0,NA
"3","continuous_infusion",49.49,0,0,0,NA,0,0,0,NA
"4","continuous_infusion",74.24,0,0,0,NA,0,0,0,NA
"5","continuous_infusion",98.94,0,0,0,NA,0,0,0,NA
"6","continuous_infusion",149,0,0.07,0,0,0,0,0,NA
"7","continuous_infusion",297.61,0.98,6,0.24,10.51,0,0.02,0,0
"8","continuous_infusion",444.52,11.67,12,2.51,38.69,0.33,0.73,0.02,29.17
"9","continuous_infusion",596.62,30.42,14.71,4.49,57.46,1.71,3.98,0.16,27.34
"10","continuous_infusion",793.26,53.67,13.36,4.67,73.11,5.98,10.22,0.8,31.96
"11","continuous_infusion",989.83,68.84,10.07,2.44,84.15,13.18,14.89,1.96,39.98
"12","continuous_infusion",1190.9,80.44,6.93,1.69,90.13,20.67,20.67,2.67,43.55
"13","continuous_infusion",1773.13,94.04,2.07,0.53,97.29,42.38,36.53,1.8,51.42
"14","continuous_infusion",2367.57,97.96,0.67,0.09,99.23,61.91,28.89,1.27,66.79
"15","continuous_infusion",2971.39,99.33,0.11,0.02,99.87,76.27,19.87,0.96,78.34
"16","continuous_infusion",3967.26,99.96,0,0,100,85.56,13.93,0.18,85.82
"17","continuous_infusion",5428.23,100,0,0,100,89,10.96,0.02,89.02
"18","continuous_infusion",6970.9,100,0,0,100,91.42,8.58,0,91.42
"19","continuous_infusion",8439.02,100,0,0,100,94.31,5.69,0,94.31
"20","continuous_infusion",9905.84,100,0,0,100,96.31,3.69,0,96.31
"21","fractioned_12h",10,0,0,0,NA,0,0,0,NA
"22","fractioned_12h",25,0,0,0,NA,0,0,0,NA
"23","fractioned_12h",50,0,0,0,NA,0,0,0,NA
"24","fractioned_12h",75,0,0,0,NA,0,0,0,NA
"25","fractioned_12h",100,0,0,0,NA,0,0,0,NA
"26","fractioned_12h",150,0.02,0.04,0,33.33,0,0.02,0,0
"27","fractioned_12h",300,2.62,3.53,0.98,26.71,0.07,0.87,0,7.14
"28","fractioned_12h",450,16.29,6.11,6.07,45.63,0.82,4.84,0.02,14.12
"29","fractioned_12h",600,34.42,6.2,9.07,62.42,3.89,9.13,0.16,28.67
"30","fractioned_12h",800,55.71,5.4,9.67,75.35,10.6,16.04,0.51,37.86
"31","fractioned_12h",1000,69.53,3.76,7.84,84.17,18.36,20.76,1.49,43.12
"32","fractioned_12h",1200,79.76,2.73,7,88.2,25.84,23.73,2,48.1
"33","fractioned_12h",1800,92.69,0.62,3.78,95.28,48.64,22.56,3.31,63.67
"34","fractioned_12h",2400,96.82,0.11,2.36,97.46,65.09,16.93,3.27,75.37
"35","fractioned_12h",3000,98.93,0.02,1.11,98.85,75.91,13.4,4,80.52
"36","fractioned_12h",4000,99.6,0.04,0.62,99.33,83.58,11.42,2.73,85.1
"37","fractioned_12h",5500,99.91,0,0.09,99.91,87.87,10.33,2.02,87.42
"38","fractioned_12h",7000,100,0,0.09,99.91,90.49,8.49,1.47,89.94
"39","fractioned_12h",8500,100,0,0,100,94.09,5.64,0.76,93.58
"40","fractioned_12h",10000,100,0,0.02,99.98,95.96,3.91,0.42,95.66
"41","fractioned_24h",10,0,0,0,NA,0,0,0,NA
"42","fractioned_24h",25,0,0,0,NA,0,0,0,NA
"43","fractioned_24h",50,0,0,0,NA,0,0,0,NA
"44","fractioned_24h",75,0,0,0,NA,0,0,0,NA
"45","fractioned_24h",100,0,0.02,0,0,0,0,0,NA
"46","fractioned_24h",150,0.07,0.13,0.02,22.22,0,0.02,0,0
"47","fractioned_24h",300,3.78,1.27,1.67,41.85,0.2,0.27,0.04,33.33
"48","fractioned_24h",450,12.98,1.42,5.27,53.55,1.31,0.91,0.53,35
"49","fractioned_24h",600,24.78,1.53,8.58,61.57,3.91,1.96,1.64,38.64
"50","fractioned_24h",800,37.49,1.02,10.29,70.63,9.13,2.22,4.22,43.25
"51","fractioned_24h",1000,45.51,1.13,10.6,74.85,12.62,2.6,5.96,43.8
"52","fractioned_24h",1200,56.53,0.71,12.16,77.52,19.49,2.96,9.04,46.53
"53","fractioned_24h",1800,72.27,0.29,10.84,84.66,34.44,2.69,14.4,53.98
"54","fractioned_24h",2400,81.02,0.27,10.04,87.32,44.78,3.2,17.02,57.85
"55","fractioned_24h",3000,86.84,0.13,8.62,89.93,52.78,3.69,20.44,57.26
"56","fractioned_24h",4000,91.42,0.04,6.84,92.47,62.89,4.67,22.33,60.03
"57","fractioned_24h",5500,95.18,0,5.22,94.51,71.96,4.29,23.98,62.93
"58","fractioned_24h",7000,97.4,0,3.4,96.51,78.6,3.47,22.62,68.21
"59","fractioned_24h",8500,98.47,0,2.29,97.68,82.56,3.44,21.56,70.93
"60","fractioned_24h",10000,99.18,0,2.02,97.96,85.47,3.18,20.84,72.9
"61","fractioned_4h",10,0,0,0,NA,0,0,0,NA
"62","fractioned_4h",25,0,0,0,NA,0,0,0,NA
"63","fractioned_4h",50,0,0,0,NA,0,0,0,NA
"64","fractioned_4h",75,0,0,0,NA,0,0,0,NA
"65","fractioned_4h",100,0,0,0,NA,0,0,0,NA
"66","fractioned_4h",150,0,0,0,NA,0,0,0,NA
"67","fractioned_4h",300,0.09,2.64,0,3.25,0,0,0,NA
"68","fractioned_4h",450,3.71,9.18,0.76,22.93,0,0,0,NA
"69","fractioned_4h",600,15.04,13.36,2.84,42.96,0.07,0.24,0,21.43
"70","fractioned_4h",800,37.31,15.47,5.02,61.18,1.02,2.04,0.02,32.61
"71","fractioned_4h",1000,54.51,14.78,3.58,73.51,4.29,5.71,0.44,38.44
"72","fractioned_4h",1200,69.11,11.07,2.47,83.12,8.98,8.51,1.27,44.09
"73","fractioned_4h",1800,88.49,4.73,0.71,94.16,23.44,19.27,3.62,46.41
"74","fractioned_4h",2400,96.16,1.64,0.22,98.09,36.47,33.27,2.4,48.85
"75","fractioned_4h",3000,98.73,0.29,0.04,99.66,49.84,35.31,1.64,56.6
"76","fractioned_4h",4000,99.62,0.16,0.02,99.82,71.11,23.29,1.44,73.8
"77","fractioned_4h",5500,100,0,0.02,99.98,85.49,13.18,0.6,86.04
"78","fractioned_4h",7000,100,0,0,100,88.27,11.53,0.07,88.38
"79","fractioned_4h",8500,100,0,0.02,99.98,88.87,11.07,0.02,88.9
"80","fractioned_4h",10000,100,0,0,100,89.13,10.87,0,89.13
"81","fractioned_8h",10,0,0,0,NA,0,0,0,NA
"82","fractioned_8h",25,0,0,0,NA,0,0,0,NA
"83","fractioned_8h",50,0,0,0,NA,0,0,0,NA
"84","fractioned_8h",75,0,0,0,NA,0,0,0,NA
"85","fractioned_8h",100,0,0,0,NA,0,0,0,NA
"86","fractioned_8h",150,0,0,0,NA,0,0,0,NA
"87","fractioned_8h",300,0.84,2.82,0.29,15.15,0,0.18,0,0
"88","fractioned_8h",450,9.93,6.84,3.76,36.82,0.38,2.69,0,12.32
"89","fractioned_8h",600,29.67,7,9.53,54.91,2.33,9.13,0.04,19.96
"90","fractioned_8h",800,50.4,7.27,10.53,69.13,6.53,15.13,0.24,29.03
"91","fractioned_8h",1000,66.6,6.24,8.07,80.35,13.56,22.44,0.49,36.3
"92","fractioned_8h",1200,78.33,3.87,6.42,87.48,21.07,32.07,0.38,38.94
"93","fractioned_8h",1800,92.76,1,2.71,96.04,40.2,37.93,0.69,50.57
"94","fractioned_8h",2400,97.87,0.22,0.78,98.98,60.31,29.51,0.42,66.67
"95","fractioned_8h",3000,99.16,0.16,0.69,99.15,74.11,20.44,0.44,77.91
"96","fractioned_8h",4000,99.8,0,0.13,99.87,84.29,13.82,0.31,85.59
"97","fractioned_8h",5500,99.98,0,0.11,99.89,87.96,11.4,0.07,88.46
"98","fractioned_8h",7000,99.98,0,0,100,89.51,10.36,0.11,89.52
"99","fractioned_8h",8500,100,0,0.02,99.98,91.29,8.64,0.16,91.19
"100","fractioned_8h",10000,100,0,0,100,93.36,6.56,0,93.44
