"","DoseGroup","AMT","Stase_effect","Stase_FP","Stase_FN","Stase_TP","Bactericidal_effect","Bactericidal_FP","Bactericidal_FN","Bactericidal_TP"
"1","continuous_infusion",9.9,0,0,0,NA,0,0,0,NA
"2","continuous_infusion",24.84,0,0,0,NA,0,0,0,NA
"3","continuous_infusion",49.49,0,0,0,NA,0,0,0,NA
"4","continuous_infusion",74.24,0,0,0,NA,0,0,0,NA
"5","continuous_infusion",98.94,0,0,0,NA,0,0,0,NA
"6","continuous_infusion",149,0,0.02,0,0,0,0,0,NA
"7","continuous_infusion",297.61,0.98,1.69,0.33,24.17,0,0,0,NA
"8","continuous_infusion",444.52,11.67,3.91,4.53,45.79,0.33,0.07,0.29,11.11
"9","continuous_infusion",596.62,30.42,4.58,12.24,51.94,1.71,0.24,1.51,10.23
"10","continuous_infusion",793.26,53.67,3.49,16.38,65.24,5.98,0.78,4.24,25.66
"11","continuous_infusion",989.83,68.84,2.53,13.44,77.62,13.18,2.18,6.82,41.39
"12","continuous_infusion",1190.9,80.44,1.29,10.22,85.92,20.67,2.51,8.87,50.91
"13","continuous_infusion",1773.13,94.04,0.07,5.11,94.5,42.38,6.4,13.22,59.77
"14","continuous_infusion",2367.57,97.96,0,2.64,97.3,61.91,8.36,13.09,69.48
"15","continuous_infusion",2971.39,99.33,0,1.22,98.77,76.27,8.87,12.38,75.05
"16","continuous_infusion",3967.26,99.96,0,0.33,99.67,85.56,9.91,9.27,79.91
"17","continuous_infusion",5428.23,100,0,0.02,99.98,89,10.22,4.76,84.9
"18","continuous_infusion",6970.9,100,0,0.02,99.98,91.42,8.47,1.62,89.9
"19","continuous_infusion",8439.02,100,0,0,100,94.31,5.6,1.02,93.37
"20","continuous_infusion",9905.84,100,0,0,100,96.31,3.62,0.33,96.04
"21","fractioned_12h",10,0,0,0,NA,0,0,0,NA
"22","fractioned_12h",25,0,0,0,NA,0,0,0,NA
"23","fractioned_12h",50,0,0,0,NA,0,0,0,NA
"24","fractioned_12h",75,0,0,0,NA,0,0,0,NA
"25","fractioned_12h",100,0,0,0,NA,0,0,0,NA
"26","fractioned_12h",150,0.02,0.02,0,50,0,0,0,NA
"27","fractioned_12h",300,2.62,1.67,1.11,35.23,0.07,0,0.04,33.33
"28","fractioned_12h",450,16.29,3.6,7.53,44.02,0.82,0.02,0.76,7.89
"29","fractioned_12h",600,34.42,3.84,13.04,55.87,3.89,0.18,3.11,19.13
"30","fractioned_12h",800,55.71,3.58,14.02,70.31,10.6,0.84,6.69,34.17
"31","fractioned_12h",1000,69.53,3.44,10.8,80.48,18.36,1.4,9.38,45.44
"32","fractioned_12h",1200,79.76,2.91,8.51,86.18,25.84,1.69,11.78,51.09
"33","fractioned_12h",1800,92.69,1.24,3.84,94.58,48.64,4.73,14.69,63.61
"34","fractioned_12h",2400,96.82,0.49,1.84,97.6,65.09,7.11,13.38,71.62
"35","fractioned_12h",3000,98.93,0.36,0.67,98.97,75.91,9.2,11.33,75.87
"36","fractioned_12h",4000,99.6,0.16,0.2,99.64,83.58,10.67,6.89,81.37
"37","fractioned_12h",5500,99.91,0,0,100,87.87,10.58,3.56,85.64
"38","fractioned_12h",7000,100,0,0,100,90.49,8.87,1.73,89.33
"39","fractioned_12h",8500,100,0,0,100,94.09,5.8,0.6,93.59
"40","fractioned_12h",10000,100,0,0,100,95.96,3.98,0.36,95.66
"41","fractioned_24h",10,0,0,0,NA,0,0,0,NA
"42","fractioned_24h",25,0,0,0,NA,0,0,0,NA
"43","fractioned_24h",50,0,0,0,NA,0,0,0,NA
"44","fractioned_24h",75,0,0,0,NA,0,0,0,NA
"45","fractioned_24h",100,0,0,0,NA,0,0,0,NA
"46","fractioned_24h",150,0.07,0.07,0.02,33.33,0,0,0,NA
"47","fractioned_24h",300,3.78,3.49,1.78,27.52,0.2,0,0.18,11.11
"48","fractioned_24h",450,12.98,8.33,4.13,41.5,1.31,0.22,1.04,17.39
"49","fractioned_24h",600,24.78,12.09,4.44,55.15,3.91,0.89,2.18,36.11
"50","fractioned_24h",800,37.49,17.33,2.22,64.33,9.13,2.29,3.8,46.69
"51","fractioned_24h",1000,45.51,21.13,0.8,67.09,12.62,4.89,4.22,47.97
"52","fractioned_24h",1200,56.53,21.24,0.64,71.86,19.49,7.87,5.29,51.91
"53","fractioned_24h",1800,72.27,19.73,0.13,78.41,34.44,17.58,4.58,57.41
"54","fractioned_24h",2400,81.02,15.53,0.02,83.89,44.78,24.67,3.22,59.84
"55","fractioned_24h",3000,86.84,11.76,0,88.08,52.78,28.47,2.56,61.82
"56","fractioned_24h",4000,91.42,8.27,0,91.71,62.89,27.47,1.24,68.22
"57","fractioned_24h",5500,95.18,4.76,0,95.24,71.96,24.27,0.16,74.62
"58","fractioned_24h",7000,97.4,2.58,0,97.42,78.6,19.93,0.07,79.7
"59","fractioned_24h",8500,98.47,1.53,0,98.47,82.56,16.87,0,83.04
"60","fractioned_24h",10000,99.18,0.82,0,99.18,85.47,14.13,0,85.81
"61","fractioned_4h",10,0,0,0,NA,0,0,0,NA
"62","fractioned_4h",25,0,0,0,NA,0,0,0,NA
"63","fractioned_4h",50,0,0,0,NA,0,0,0,NA
"64","fractioned_4h",75,0,0,0,NA,0,0,0,NA
"65","fractioned_4h",100,0,0,0,NA,0,0,0,NA
"66","fractioned_4h",150,0,0,0,NA,0,0,0,NA
"67","fractioned_4h",300,0.09,0.91,0.02,6.67,0,0,0,NA
"68","fractioned_4h",450,3.71,4.29,1,33.89,0,0,0,NA
"69","fractioned_4h",600,15.04,5.93,5.6,45.02,0.07,0.16,0.04,10
"70","fractioned_4h",800,37.31,6.69,11.4,58.89,1.02,1.16,0.6,19.39
"71","fractioned_4h",1000,54.51,6.24,11.44,70.89,4.29,2.8,1.62,37.62
"72","fractioned_4h",1200,69.11,4.58,10.53,79.49,8.98,3.87,3.56,42.21
"73","fractioned_4h",1800,88.49,1.31,4.64,93.37,23.44,9.82,6.78,50.1
"74","fractioned_4h",2400,96.16,0.38,2.44,97.08,36.47,16.62,6.16,57.1
"75","fractioned_4h",3000,98.73,0.09,1.47,98.43,49.84,19.53,6.07,63.1
"76","fractioned_4h",4000,99.62,0.02,0.47,99.51,71.11,16.07,6.11,74.56
"77","fractioned_4h",5500,100,0,0.07,99.93,85.49,11.67,4.67,83.19
"78","fractioned_4h",7000,100,0,0.02,99.98,88.27,11.11,2.51,86.29
"79","fractioned_4h",8500,100,0,0.02,99.98,88.87,10.96,1.33,87.69
"80","fractioned_4h",10000,100,0,0,100,89.13,10.84,0.67,88.49
"81","fractioned_8h",10,0,0,0,NA,0,0,0,NA
"82","fractioned_8h",25,0,0,0,NA,0,0,0,NA
"83","fractioned_8h",50,0,0,0,NA,0,0,0,NA
"84","fractioned_8h",75,0,0,0,NA,0,0,0,NA
"85","fractioned_8h",100,0,0,0,NA,0,0,0,NA
"86","fractioned_8h",150,0,0,0,NA,0,0,0,NA
"87","fractioned_8h",300,0.84,1.56,0.29,23.15,0,0,0,NA
"88","fractioned_8h",450,9.93,3.87,4.31,40.74,0.38,0.02,0.38,0
"89","fractioned_8h",600,29.67,4.18,12.27,51.41,2.33,0.31,1.78,21.01
"90","fractioned_8h",800,50.4,3.71,15.8,63.94,6.53,0.69,4.42,29.23
"91","fractioned_8h",1000,66.6,2.67,14.67,74.98,13.56,1.44,7.09,43.11
"92","fractioned_8h",1200,78.33,1.58,11.31,83.87,21.07,2,9.89,48.46
"93","fractioned_8h",1800,92.76,0.49,5.42,93.66,40.2,4.91,12.64,61.08
"94","fractioned_8h",2400,97.87,0.18,2.16,97.62,60.31,8.07,13.33,68.7
"95","fractioned_8h",3000,99.16,0.11,1.22,98.66,74.11,8.76,12.53,74.31
"96","fractioned_8h",4000,99.8,0.02,0.29,99.69,84.29,10.02,9.13,79.69
"97","fractioned_8h",5500,99.98,0,0.16,99.84,87.96,10.73,4.29,84.78
"98","fractioned_8h",7000,99.98,0,0,100,89.51,10.04,1.98,87.92
"99","fractioned_8h",8500,100,0,0.02,99.98,91.29,8.62,0.89,90.48
"100","fractioned_8h",10000,100,0,0,100,93.36,6.53,0.29,93.17
